dataset: Flowers
backbone: robust_convnext_tiny
ft_type: full_fine_tuning
loss_function: CLASSIC_AT
seed: 1
epochs: 50
lr1: 0.000465680463791956
lr2: 0.007608481233714785
weight_decay: 1.0010539860510488e-06
use_rs: false
epsilon: 0.015686275
step_size: 0.007843137
perturb_steps: 10
distance: Linf
beta: 1.0
project_name: 24-12-04-11
