dataset: Flowers
backbone: convnext_tiny
ft_type: full_fine_tuning
loss_function: TRADES_v2
seed: 1
epochs: 50
lr1: 0.00046689498537088876
lr2: 0.0017169565852473844
weight_decay: 3.643743139281255e-06
use_rs: false
epsilon: 0.015686275
step_size: 0.007843137
perturb_steps: 10
distance: Linf
beta: 1.0
project_name: 24-12-04-11
